[
  {
    "id": "A",
    "coordinates": [
      -39.55951690673828,
      26.436471939086914,
      -207.72596740722656
    ]
  },
  {
    "id": "B",
    "coordinates": [
      -8.773856163024902,
      41.83223342895508,
      -144.54759216308594
    ]
  },
  {
    "id": "C",
    "coordinates": [
      18.707429885864258,
      45.386436462402344,
      -202.30406188964844
    ]
  },
  {
    "id": "D",
    "coordinates": [
      46.114803314208984,
      40.23758316040039,
      228.46543884277344
    ],
    "uncertainty": {
      "stddevs": [
        1.0,
        1.0,
        0.9999999403953552
      ],
      "pcvectors": [
        [
          -0.7493906021118164,
          0.6472451686859131,
          -0.13959716260433197
        ],
        [
          0.5028738379478455,
          0.6935067772865295,
          0.5159130096435547
        ],
        [
          0.4307337701320648,
          0.3164205849170685,
          -0.845190167427063
        ]
      ]
    }
  },
  {
    "id": "E",
    "coordinates": [
      6.5183539390563965,
      3.0751729011535645,
      229.49978637695312
    ],
    "uncertainty": {
      "stddevs": [
        1.0,
        1.0,
        0.9999999403953552
      ],
      "pcvectors": [
        [
          -0.7302966117858887,
          -0.26400238275527954,
          0.6300552487373352
        ],
        [
          0.0989978015422821,
          0.8716698884963989,
          0.47999072074890137
        ],
        [
          -0.6759188771247864,
          0.4129096567630768,
          -0.6104418635368347
        ]
      ]
    }
  },
  {
    "id": "F",
    "coordinates": [
      -2.561448812484741,
      42.77342224121094,
      -159.9306182861328
    ],
    "uncertainty": {
      "stddevs": [
        1.0,
        1.0,
        0.9999998807907104
      ],
      "pcvectors": [
        [
          0.15267683565616608,
          0.46992209553718567,
          0.8694038391113281
        ],
        [
          0.3788895606994629,
          0.7846646308898926,
          -0.4906567931175232
        ],
        [
          -0.9127609133720398,
          0.40431997179985046,
          -0.05824846774339676
        ]
      ]
    }
  }
]
