[
  {
    "id": "A",
    "coordinates": [
      -37.262969970703125,
      46.43843078613281,
      207.80807495117188
    ],
    "uncertainty": {
      "stddevs": [
        1.0000001192092896,
        1.0,
        0.9999999403953552
      ],
      "pcvectors": [
        [
          -0.37190455198287964,
          -0.4794873893260956,
          0.7948451638221741
        ],
        [
          0.8477776050567627,
          -0.5242161154747009,
          0.08043999969959259
        ],
        [
          0.3781006634235382,
          0.7037679553031921,
          0.6014570593833923
        ]
      ]
    }
  },
  {
    "id": "B",
    "coordinates": [
      34.91857147216797,
      46.049842834472656,
      197.6514434814453
    ],
    "uncertainty": {
      "stddevs": [
        1.0000001192092896,
        1.0,
        1.0
      ],
      "pcvectors": [
        [
          -0.5442015528678894,
          0.7342863082885742,
          -0.40579336881637573
        ],
        [
          -0.8382796049118042,
          -0.49532103538513184,
          0.227913036942482
        ],
        [
          -0.03364457190036774,
          0.4641989469528198,
          0.8850917220115662
        ]
      ]
    }
  },
  {
    "id": "C",
    "coordinates": [
      -3.228516101837158,
      42.483299255371094,
      -158.3662872314453
    ],
    "uncertainty": {
      "stddevs": [
        1.0,
        1.0,
        0.9999999403953552
      ],
      "pcvectors": [
        [
          0.004533321131020784,
          0.016838958486914635,
          0.999847948551178
        ],
        [
          -0.7072452902793884,
          -0.7068067789077759,
          0.015110356733202934
        ],
        [
          0.7069537043571472,
          -0.7072062492370605,
          0.00870509073138237
        ]
      ]
    }
  }
]
